0
0
0
0
0
0
0
0
0
0
0
0
0
0
0
0
0
0
0
0
0
0
0
0
0
0
0
0
0
0
0
0
0
0
0
0
0
0
0
0
0
0
0
0
0
0
0
0
0
0
0
0
0
0
0
0
0
0
0
0
0
0
0
0
0
0
0
0
0
0
0
0
0
0
0
0
0
0
0
0
0
0
0
0
0
0
0
0
0
0
0
0
0
0
0
0
0
0
0
0
0
0
0
0
0
0
0
0
0
0
0
0
0
0
0
0
0
0
0
0
0
0
0
0
0
0
0
0
0
0
0
0
0
0
0
0
0
0
0
0
0
0
0
0
0
0
0
0
0
0
0
0
0
0
0
0
0
0
0
0
0
0
0
0
0
0
0
0
0
0
0
0
0
0
0
0
0
0
0
0
0
0
0
0
0
0
0
0
0
0
0
0
0
0
0
0
0
0
0
0
0
0
0
0
0
0
0
0
0
0
0
0
0
0
0
0
0
0
0
0
0
0
0
0
0
0
0
0
0
0
0
0
0
0
0
0
0
0
0
0
0
0
0
0
0
0
0
0
0
0
0
0
0
0
0
0
0
0
0
0
0
0
0
0
0
0
0
0
0
0
0
0
0
0
0
0
0
0
0
0
0
0
0
0
0
0
0
0
0
0
0
0
0
0
0
0
0
0
0
0
0
0
0
0
0
0
0
0
0
0
0
0
0
0
0
0
0
0
0
0
0
0
0
0
0
0
0
0
0
0
0
0
0
0
0
0
0
0
0
0
0
0
0
0
0
0
0
0
0
0
0
0
0
0
0
0
0
0
0
0
0
0
0
0
0
0
0
0
0
0
0
0
0
0
0
0
0
0
0
0
0
0
0
0
0
6
6
-38
-128
-204
-163
59
408
690
664
193
-604
-1346
-1548
-906
456
1936
2697
2116
210
-2224
-3909
-3741
-1463
2022
4960
5612
3253
-1249
-5679
-7545
-5461
-87
5965
9376
7925
1893
-5809
-11003
-10500
-4036
5272
12387
13059
6361
-4475
-13557
-15528
-8720
3563
14587
17860
10969
-2709
-15583
-20049
-12989
2074
16660
22087
14659
-1825
-17930
-23972
-15866
2104
19470
25664
16482
-3043
-21326
-27093
-16375
4733
23471
28124
15395
-7226
-25811
-28575
-13405
10498
28154
28205
10290
-14437
-30215
-26750
-6008
18801
31611
23950
624
-23214
-31904
-19621
5627
27185
30717
13780
-12396
-30289
-27812
-6539
19195
31906
22854
-1864
-25334
-31366
-15704
10880
29921
28075
6539
-19626
-31972
-21689
4019
26895
30561
12298
-14844
-31297
-25088
-629
24320
31500
15558
-11865
-30554
-26613
-2871
23042
31737
16606
-11056
-30395
-26711
-2704
23394
31616
15568
-12493
-30933
-25416
-128
25289
30947
12318
-16032
-31753
-22334
4846
28194
29022
6571
-21193
-31885
-16776
11972
31001
24724
-1821
-26899
-29830
-8096
20376
31928
16851
-12346
-31212
-23821
3693
28109
28673
4809
-23191
-31346
-12566
17066
31974
19171
-10319
-30839
-24404
3447
28294
28199
3148
-24723
-30618
-9189
20488
31801
14493
-15918
-31947
-18983
11281
31272
22644
-6790
-29999
-25526
2593
28330
27707
1205
-26452
-29292
-4549
24513
30389
7411
-22646
-31108
-9793
20944
31545
11702
-19488
-31791
-13164
18327
31912
14196
-17503
-31965
-14821
17038
31980
15046
-16947
-31980
-14882
17229
31958
14321
-17880
-31898
-13354
18878
31758
11960
-20197
-31485
-10122
21786
31003
7816
-23584
-30226
-5030
25500
29050
1760
-27426
-27369
1970
29218
25069
-6110
-30711
-22056
10563
31705
18249
-15190
-31990
-13615
19787
31340
8170
-24095
-29550
-2018
27793
26442
-4652
-30524
-21914
11532
31904
15963
-18210
-31573
-8733
24164
29234
532
-28807
-24726
8131
31526
18073
-16573
-31772
-9564
23949
29146
-225
-29349
-23517
10411
31895
15113
-19862
-30911
-4606
27295
26072
-6886
-31466
-17585
17857
31384
6275
-26595
-26588
6384
31443
17353
-18409
-31160
-4841
27578
25274
-8946
-31865
-14382
21395
29932
251
-29770
-21622
14328
31837
8243
-26034
-26562
7439
31767
14628
-21664
-29564
1391
30530
19378
-17420
-31140
-3487
28825
22681
-13805
-31806
-7089
27184
24797
-11121
-31989
-9429
25974
25972
-9527
-31996
-10561
25410
26374
-9093
-31992
-10525
25582
26070
-9836
-32000
-9317
26464
25009
-11726
-31903
-6899
27909
23035
-14676
-31443
-3216
29635
19910
-18493
-30227
1741
31200
15371
-22829
-27765
7855
31992
9215
-27116
-23530
14778
31250
1429
-30527
-17087
21825
28157
-7644
-31999
-8289
27908
22023
-17149
-30368
2485
31572
12576
-25622
-24652
14091
31214
329
-31076
-14504
24513
25543
-13101
-31372
-734
31060
14249
-24914
-24945
14292
31000
-1275
-31543
-11786
26707
22687
-17528
-29742
5665
31993
6904
-29312
-18249
22314
26752
-12213
-31339
563
31555
10977
-27583
-20903
20134
28028
-10313
-31621
-580
31431
11218
-27677
-20422
20956
27265
-12147
-31164
2263
31881
7655
-29531
-16667
24504
23996
-17409
-29101
8977
31681
10
-31686
-8809
29273
16759
-24780
-23342
18659
28185
-11440
-31089
3663
31999
4146
-31007
-11526
28304
18090
-24170
-23551
18929
27711
-12932
-30478
6519
31834
-17
-31843
-6296
30618
12177
-28322
-17446
25135
21967
-21256
-25662
16880
28493
-12196
-30466
7373
31614
-2563
-32000
-2112
31701
6548
-30809
-10671
29416
14426
-27623
-17785
25518
20729
-23194
-23265
20726
25402
-18188
-27167
15636
28562
-13106
-29584
10645
30264
-8305
-30642
6123
30753
-4130
-30642
2343
30341
-780
-29890
-556
29317
1661
-28654
-2542
27919
3200
-27138
-3652
26319
3904
-25479
-3974
24620
3874
-23749
-3624
22864
3238
-21965
-2737
21046
2137
-20105
-1460
19133
724
-18128
46
17082
-834
-15993
1613
14858
-2366
-13680
3066
12459
-3697
-11206
4235
9928
-4668
-8643
4977
7363
-5157
-6115
5198
4914
-5103
-3790
4876
2761
-4532
-1852
4086
1078
-3566
-454
2996
-17
-2413
332
1844
-506
-1323
555
874
-509
-517
397
259
-259
-100
126
22
-34
-1
0
